3
89
90
91
92
93
94
5997
5998
6
7
754
26
27
28
771
772
773
774
775
776
795
796
797
798
914
915
921
1005
3278
35
36
37
38
788
789
790
791
792
793
920
5543
272
562
563
564
565
566
567
273
429
430
431
432
433
628
629
630
631
632
633
634
636
2554
188
189
2709
2710
2711
2712
6166
72
73
74
962
6015
6042
80
83
84
490
961
6033
6035
6036
6037
6038
6039
6040
6041
88
928
963
6022
6023
6024
6025
6026
6027
6028
97
98
99
100
101
102
103
110
111
112
113
114
117
119
120
121
122
123
1705
125
126
127
128
129
130
131
132
875
163
165
166
167
168
170
171
283
284
285
286
651
686
802
877
1103
1715
1716
1719
1822
1885
1886
2699
2700
5113
5114
5115
5118
5119
5120
175
176
177
178
179
290
180
289
1090
1091
1092
1093
1094
1095
1096
1097
2452
2453
2454
2455
226
227
228
229
231
232
980
334
335
336
337
338
340
341
342
343
344
243
244
246
247
248
1832
1833
1834
1835
291
292
293
294
295
297
298
1064
1246
262
264
911
1066
1067
1068
1076
1830
1831
348
349
350
351
282
479
480
481
482
618
619
620
1702
2200
300
302
303
761
1063
313
2654
2655
2656
308
309
310
1890
2714
3394
3395
3396
3397
324
1358
1359
354
355
421
422
423
424
425
426
427
428
346
358
359
1703
400
401
403
404
405
407
408
923
365
366
367
369
372
374
375
376
378
379
380
382
384
387
415
420
3420
357
360
361
363
364
368
370
373
377
434
436
439
2161
3421
388
390
392
394
3543
448
449
450
527
529
530
531
532
609
692
693
695
696
907
1630
2151
2206
3247
3248
3249
3250
3251
451
452
2671
2677
3276
4795
4796
4798
4799
4800
4801
4802
4803
4804
4805
465
466
467
468
469
470
471
472
524
526
596
687
689
690
1040
1755
3239
3240
3433
484
1364
1365
1701
504
3225
3226
3232
3233
3234
3235
3236
3237
3238
506
1360
6016
510
1366
1367
6017
6018
543
544
555
733
735
736
1420
1421
1422
1423
558
3386
594
1376
1379
1380
3549
593
1382
3550
601
602
603
604
605
606
763
764
766
767
768
769
770
785
786
3449
608
1361
1362
1363
644
645
646
647
648
649
668
669
670
1024
684
2401
2402
2403
2404
2405
2465
897
898
899
900
918
6156
6157
6158
6159
6160
6209
6210
6211
820
824
828
982
985
2786
2787
5678
5864
837
843
844
1655
1908
2348
2350
2352
2353
3204
872
976
977
1903
1904
1905
1918
1919
1920
1921
1927
1928
2325
2326
2327
2328
2329
2853
891
892
893
894
896
949
3422
952
1497
1498
1499
1746
1085
1089
1298
1299
1300
1884
998
1722
1929
1930
1931
1933
1934
1935
3205
3206
3207
3208
3209
1042
1043
1208
1209
1211
1212
1213
1214
1215
1888
1053
1054
1055
1056
1114
1115
1116
1117
1234
1243
3402
3436
3438
3439
2212
3403
1317
1319
1321
1798
1799
2137
2639
3313
1310
1311
1315
2140
2375
2637
2638
3312
1323
1324
1326
2678
2679
2680
1332
1346
1347
1348
1349
2611
2612
2613
2614
2615
2616
1339
1340
1341
1344
1764
1765
1766
2593
2594
2595
2596
2597
2598
2599
2600
2601
2602
2603
2604
2605
2607
3212
1350
1351
2617
2618
2619
2620
2621
1354
1355
1777
2622
2623
6218
6219
6220
2624
2625
2626
2627
2628
1333
1336
1337
1889
2201
2660
2697
2854
2855
3296
3435
1374
1459
1460
1463
2188
2189
2754
2755
2756
2757
4756
4757
1464
1465
1466
1467
1468
1726
2182
2791
2793
2794
2795
2796
2797
2798
2799
3445
1469
1470
1471
1472
1473
1474
2194
2809
2810
2811
2812
2813
2814
2815
2816
2817
1475
1476
2804
2805
2807
2808
4758
4759
4760
4761
4762
4763
4764
4765
4766
1479
1480
1481
1506
1507
1508
1510
2185
2857
2858
2859
2860
2861
2862
2863
2864
2179
2180
2800
4767
4768
4769
4770
4771
4772
4773
4774
4775
4776
4777
4778
4779
4780
4781
4782
1553
1847
1554
2476
2477
1555
1556
1557
1558
1559
3426
1564
1565
1566
1570
1571
1572
1573
1574
1575
1576
1577
1578
1579
1580
1588
1589
1590
1591
1598
1599
1600
1601
1602
1603
1604
1605
1606
1607
1643
1644
1645
1646
1647
1649
1650
1816
3245
3246
6212
6213
2873
2875
2877
2878
2879
2883
1778
1779
2199
2629
2630
2631
2632
2633
1793
1794
3323
3324
3325
3326
3327
3328
3329
3330
1800
3331
3332
3333
1839
1840
1841
1842
1843
3440
1951
1952
1953
1954
1955
1957
1958
1959
1960
3548
1961
1962
1963
1965
1966
1968
2885
2886
2887
2888
2889
2890
2891
2892
2893
1996
1997
1998
2000
2002
2006
2007
2008
2009
2894
2895
2896
2897
2898
2899
2900
2901
2902
2903
2055
2056
2057
2058
2059
2060
2061
2062
2063
2064
2065
2424
2066
2067
2068
2069
2070
2071
2072
2073
2074
2075
2076
2425
6276
6277
2077
2078
2079
2080
2081
2082
2083
2084
2085
2086
2087
2088
2089
2090
2091
2092
2093
2094
2096
2097
2426
2095
2098
2099
2101
2103
2104
2105
2106
2107
2108
2109
2110
2111
2112
2113
2114
2115
2116
2117
2118
2119
2431
2432
2157
2158
2159
2427
2428
2429
2430
2388
2389
2474
2475
2193
2175
2176
2801
2802
4784
4785
4787
4788
2818
2819
2820
2821
2822
2823
2824
2825
2826
2827
2828
2829
2830
2831
2832
2215
3404
2285
2286
2287
2288
2290
2291
2292
2295
2296
2958
2959
2960
2961
2963
2383
2384
3339
3340
3341
2411
2412
2413
2414
2415
2416
2417
6234
6235
6250
2418
2419
2420
2421
2422
2423
6251
2447
2448
2449
2450
2451
2457
2458
2459
2460
2461
2462
2468
2469
2470
2472
6161
6162
6163
2488
2543
2552
2497
2498
2499
2500
2501
2502
2503
2504
2505
2506
2507
2508
3423
2509
2510
2511
2512
2513
2514
2515
2516
2517
2525
2526
2527
2528
2529
2530
2531
2532
2533
2534
2535
2536
2537
2538
2539
2540
2541
2542
2591
2592
6187
6196
2691
2692
2694
2695
2696
3217
3218
3219
3220
3221
3223
2719
2720
2721
2722
2723
2724
2725
2726
2727
2728
2730
2731
2734
2735
2736
2737
2738
2739
2740
2741
2742
2743
3434
2762
2764
2765
2766
2768
3441
2772
2773
2774
2775
2776
2778
2779
2784
2905
2906
2907
2908
2909
2910
2911
2912
2913
2914
2915
2916
2917
2919
2920
2921
2922
2923
2924
2925
2926
2928
2929
2931
2932
2934
2935
2936
2937
2938
2939
2940
2941
2942
2943
2947
2948
2949
2950
2951
2952
2953
2954
2955
2956
2957
2976
2977
2978
2979
2980
2981
2982
2983
2984
2985
2986
2987
2988
2989
2990
2992
2993
2994
2995
2996
2997
2998
2999
3000
3001
3002
3003
3004
3005
3007
3008
3009
3010
3011
3012
3013
3014
3015
3016
3017
3018
3444
3020
3021
3022
3023
3024
3025
3026
3027
3028
3029
3030
3031
3032
3033
3034
3035
3036
3037
3039
3040
3041
3042
3043
3044
3045
3046
3047
3048
3049
3050
3051
3052
3054
3055
3056
3057
3058
3059
3060
3061
3062
3063
3064
3066
3067
3068
3069
3070
3071
3072
3073
3074
3075
3076
3077
3078
3079
3081
3082
3083
3084
3085
3086
3087
3088
3089
3090
3091
3092
3094
3095
3096
3097
3098
3099
3100
3101
3102
3103
3199
3200
3334
3335
3336
3337
3338
3202
3203
3314
3315
3316
3317
3318
3319
3320
3321
3322
3242
3243
3244
6214
6215
6216
6217
3261
3262
3263
3264
3265
3266
3267
3268
3271
3272
3273
3424
3557
3558
3559
3560
3561
3562
3563
3564
3565
3566
3285
3553
3554
3555
3556
3291
3292
3293
3294
3295
3298
3300
3302
3303
3304
3306
3307
3308
3309
3310
3311
3343
3344
3345
3346
3347
3348
3349
3350
3351
3352
3353
3354
3355
3356
3357
3358
3359
3360
3361
3377
3378
3379
3380
3381
3382
3383
3385
3568
3569
3570
3571
3572
3573
3574
3577
3578
3579
3580
3581
3582
3584
3585
3587
3588
3681
4743
4744
4745
4746
4747
4748
4749
4750
4751
4752
4753
4754
4755
4790
4791
4792
4793
4794
4936
4937
4938
4939
4940
4941
5122
5123
5124
5125
5126
5149
5150
5151
5152
5153
5154
5155
5537
5538
5539
5540
6203
6204
5157
5158
5159
5161
5162
5163
5164
5165
5166
5167
5168
5609
6197
5286
5287
5288
5289
5290
5291
5292
5293
5294
5295
5296
5297
5298
5299
5542
5343
5344
5345
5346
